150 640 0 65 
150 365 1 65 
300 365 1 65 
450 365 1 65 
600 365 1 65 
Tank
120 200 001 0 
155 200 001 0 
190 200 001 0 
225 200 001 0 
260 200 001 0 
295 200 001 0 
330 200 001 0 
365 200 001 0 
400 200 001 0 
435 200 001 0 
470 200 001 0 
505 200 001 0 
540 200 001 0 
575 200 001 0 
610 200 001 0 
645 200 001 0 
680 200 001 0 
120 500 001 0 
190 500 001 0 
225 500 001 0 
260 500 001 0 
330 500 001 0 
365 500 001 0 
400 500 001 0 
435 500 001 0 
505 500 001 0 
540 500 001 0 
575 500 001 0 
645 500 001 0 
680 500 001 0 
105 235 001 0 
105 270 001 0 
105 305 001 0 
105 340 001 0 
105 375 001 0 
105 410 001 0 
105 445 001 0 
105 480 001 0 
700 235 001 0 
700 270 001 0 
700 305 001 0 
700 340 001 0 
700 375 001 0 
700 410 001 0 
700 445 001 0 
700 480 001 0 
Build
